# Nodes: 1000 Edges: 9951
1 2
8 2
16 2
18 2
20 2
23 2
26 2
27 2
28 2
29 2
30 2
31 2
32 2
33 2
34 2
35 2
36 2
37 2
38 2
39 2
41 2
42 2
43 2
44 2
45 2
46 2
47 2
48 2
50 2
51 2
52 2
53 2
54 2
55 2
56 2
57 2
58 2
59 2
60 2
61 2
68 2
70 2
71 2
74 2
75 2
76 2
78 2
79 2
80 2
81 2
82 2
83 2
84 2
95 2
96 2
97 2
98 2
100 2
101 2
103 2
104 2
106 2
111 2
112 2
113 2
115 2
116 2
117 2
118 2
119 2
122 2
123 2
124 2
125 2
126 2
127 2
128 2
130 2
133 2
134 2
135 2
136 2
137 2
138 2
142 2
143 2
144 2
145 2
146 2
148 2
149 2
150 2
151 2
153 2
154 2
155 2
156 2
157 2
158 2
159 2
160 2
161 2
162 2
163 2
164 2
165 2
166 2
167 2
168 2
169 2
170 2
171 2
172 2
173 2
174 2
175 2
176 2
177 2
178 2
179 2
180 2
181 2
182 2
183 2
184 2
185 2
186 2
187 2
188 2
189 2
192 2
193 2
194 2
195 2
196 2
197 2
198 2
199 2
200 2
201 2
202 2
203 2
204 2
205 2
212 2
213 2
214 2
215 2
216 2
217 2
218 2
219 2
220 2
221 2
226 2
227 2
228 2
229 2
230 2
231 2
235 2
236 2
237 2
238 2
239 2
240 2
242 2
243 2
244 2
245 2
246 2
247 2
248 2
249 2
250 2
251 2
252 2
253 2
254 2
255 2
256 2
257 2
259 2
261 2
262 2
263 2
264 2
265 2
266 2
267 2
268 2
269 2
270 2
272 2
273 2
275 2
276 2
277 2
278 2
279 2
280 2
281 2
282 2
283 2
284 2
285 2
286 2
287 2
288 2
289 2
290 2
291 2
292 2
293 2
294 2
295 2
296 2
297 2
298 2
299 2
300 2
301 2
302 2
303 2
304 2
305 2
306 2
308 2
309 2
310 2
311 2
312 2
313 2
314 2
315 2
316 2
317 2
318 2
319 2
320 2
321 2
322 2
323 2
331 2
332 2
333 2
334 2
335 2
336 2
340 2
341 2
352 2
357 2
373 2
374 2
375 2
376 2
377 2
378 2
379 2
381 2
388 2
389 2
411 2
412 2
417 2
418 2
419 2
420 2
421 2
422 2
423 2
424 2
429 2
448 2
449 2
450 2
451 2
452 2
455 2
457 2
458 2
459 2
460 2
461 2
462 2
463 2
464 2
465 2
466 2
469 2
479 2
480 2
481 2
500 2
501 2
502 2
503 2
505 2
506 2
507 2
508 2
509 2
510 2
511 2
512 2
513 2
514 2
515 2
516 2
517 2
518 2
519 2
520 2
521 2
527 2
528 2
529 2
530 2
550 2
554 2
555 2
556 2
558 2
559 2
560 2
561 2
562 2
563 2
564 2
574 2
579 2
580 2
581 2
584 2
597 2
598 2
599 2
601 2
602 2
603 2
604 2
606 2
607 2
608 2
609 2
614 2
617 2
618 2
619 2
620 2
622 2
623 2
624 2
625 2
626 2
630 2
648 2
649 2
650 2
651 2
652 2
653 2
654 2
655 2
656 2
657 2
668 2
669 2
670 2
671 2
672 2
673 2
675 2
676 2
677 2
686 2
687 2
688 2
689 2
709 2
763 2
764 2
765 2
766 2
767 2
769 2
770 2
772 2
773 2
774 2
775 2
776 2
778 2
779 2
780 2
781 2
783 2
784 2
785 2
786 2
787 2
788 2
790 2
791 2
792 2
793 2
794 2
795 2
796 2
797 2
798 2
800 2
801 2
802 2
803 2
808 2
809 2
810 2
811 2
812 2
813 2
814 2
815 2
817 2
818 2
819 2
820 2
821 2
824 2
825 2
826 2
830 2
831 2
832 2
833 2
834 2
835 2
837 2
844 2
846 2
869 2
870 2
871 2
872 2
873 2
874 2
880 2
889 2
935 2
936 2
937 2
944 2
945 2
946 2
947 2
948 2
949 2
950 2
951 2
952 2
953 2
954 2
955 2
956 2
957 2
958 2
959 2
960 2
961 2
962 2
964 2
965 2
966 2
967 2
968 2
969 2
971 2
972 2
973 2
974 2
975 2
976 2
977 2
978 2
979 2
980 2
981 2
982 2
983 2
984 2
985 2
986 2
987 2
988 2
989 2
991 2
994 2
997 2
998 2
999 2
1000 2
1 3
351 3
374 3
377 3
528 3
1 4
1 5
1 6
1 7
4 7
5 7
8 7
9 7
11 7
13 7
15 7
19 7
21 7
22 7
24 7
85 7
86 7
87 7
88 7
89 7
95 7
96 7
97 7
98 7
100 7
101 7
103 7
104 7
190 7
222 7
226 7
227 7
228 7
229 7
230 7
340 7
351 7
352 7
353 7
371 7
373 7
374 7
375 7
376 7
377 7
378 7
379 7
381 7
417 7
418 7
419 7
420 7
421 7
422 7
423 7
424 7
474 7
475 7
494 7
495 7
497 7
528 7
531 7
532 7
533 7
534 7
535 7
572 7
573 7
574 7
575 7
582 7
583 7
586 7
589 7
590 7
591 7
595 7
597 7
601 7
602 7
603 7
604 7
606 7
607 7
608 7
609 7
611 7
627 7
935 7
936 7
937 7
1 8
88 8
227 8
229 8
935 8
936 8
937 8
1 9
1 10
9 10
351 10
358 10
359 10
360 10
361 10
531 10
1 11
1 12
391 12
1 13
531 13
1 14
28 14
47 14
113 14
116 14
117 14
448 14
1 15
9 15
1 16
37 16
38 16
47 16
48 16
76 16
78 16
79 16
93 16
1 17
24 17
1 18
457 18
458 18
459 18
460 18
461 18
462 18
463 18
464 18
465 18
466 18
1 19
4 19
5 19
7 19
8 19
9 19
11 19
13 19
15 19
21 19
22 19
24 19
85 19
86 19
87 19
88 19
89 19
95 19
96 19
97 19
98 19
100 19
101 19
103 19
104 19
222 19
226 19
227 19
228 19
229 19
230 19
340 19
351 19
352 19
353 19
371 19
373 19
374 19
375 19
376 19
377 19
378 19
379 19
381 19
417 19
418 19
419 19
420 19
421 19
422 19
423 19
424 19
474 19
475 19
494 19
495 19
497 19
528 19
531 19
532 19
533 19
534 19
535 19
572 19
573 19
574 19
575 19
582 19
583 19
586 19
589 19
590 19
591 19
595 19
597 19
601 19
602 19
603 19
604 19
606 19
607 19
608 19
609 19
627 19
935 19
936 19
937 19
1 20
483 20
484 20
485 20
487 20
488 20
489 20
490 20
491 20
492 20
493 20
1 21
4 21
5 21
7 21
8 21
9 21
11 21
13 21
15 21
19 21
22 21
24 21
85 21
86 21
87 21
88 21
89 21
95 21
96 21
97 21
98 21
100 21
101 21
103 21
104 21
222 21
226 21
227 21
228 21
229 21
230 21
340 21
351 21
352 21
353 21
371 21
373 21
374 21
375 21
376 21
377 21
378 21
379 21
381 21
417 21
418 21
419 21
420 21
421 21
422 21
423 21
424 21
474 21
475 21
494 21
495 21
497 21
528 21
531 21
532 21
533 21
534 21
535 21
572 21
573 21
574 21
575 21
582 21
583 21
586 21
589 21
590 21
591 21
595 21
597 21
601 21
602 21
603 21
604 21
606 21
607 21
608 21
609 21
627 21
935 21
936 21
937 21
1 22
1 23
31 23
47 23
1 24
95 24
96 24
97 24
98 24
100 24
101 24
103 24
104 24
352 24
373 24
374 24
375 24
376 24
377 24
378 24
379 24
381 24
417 24
418 24
419 24
420 24
421 24
422 24
423 24
424 24
1 25
2 26
426 26
2 27
16 27
26 27
29 27
31 27
32 27
33 27
35 27
36 27
37 27
38 27
39 27
41 27
42 27
43 27
47 27
48 27
51 27
52 27
53 27
54 27
55 27
56 27
57 27
58 27
59 27
60 27
68 27
74 27
76 27
78 27
79 27
80 27
81 27
82 27
83 27
84 27
106 27
111 27
112 27
130 27
138 27
143 27
144 27
145 27
146 27
149 27
150 27
151 27
153 27
155 27
157 27
158 27
159 27
160 27
161 27
162 27
163 27
164 27
165 27
166 27
167 27
168 27
169 27
170 27
171 27
172 27
173 27
192 27
193 27
194 27
195 27
196 27
197 27
198 27
199 27
201 27
202 27
203 27
249 27
254 27
255 27
256 27
257 27
259 27
309 27
310 27
311 27
312 27
313 27
314 27
315 27
316 27
317 27
318 27
319 27
320 27
321 27
322 27
323 27
332 27
333 27
357 27
389 27
426 27
500 27
501 27
502 27
503 27
505 27
519 27
520 27
521 27
614 27
622 27
623 27
624 27
625 27
626 27
648 27
649 27
650 27
651 27
652 27
653 27
654 27
655 27
656 27
657 27
668 27
671 27
672 27
673 27
675 27
676 27
677 27
686 27
687 27
688 27
689 27
709 27
802 27
817 27
944 27
2 28
16 28
26 28
27 28
29 28
30 28
31 28
32 28
33 28
36 28
38 28
39 28
41 28
42 28
43 28
44 28
45 28
47 28
48 28
51 28
53 28
54 28
55 28
56 28
57 28
58 28
59 28
60 28
68 28
76 28
78 28
79 28
80 28
82 28
83 28
111 28
113 28
115 28
116 28
117 28
130 28
133 28
134 28
135 28
136 28
137 28
138 28
143 28
144 28
145 28
146 28
149 28
150 28
151 28
153 28
155 28
156 28
157 28
158 28
159 28
160 28
161 28
162 28
163 28
164 28
165 28
166 28
167 28
168 28
169 28
170 28
171 28
172 28
173 28
193 28
194 28
195 28
196 28
197 28
198 28
199 28
203 28
204 28
205 28
249 28
254 28
255 28
256 28
257 28
261 28
262 28
263 28
264 28
265 28
266 28
267 28
268 28
269 28
270 28
272 28
273 28
275 28
276 28
277 28
278 28
279 28
280 28
281 28
282 28
283 28
284 28
285 28
286 28
287 28
288 28
289 28
290 28
291 28
292 28
293 28
294 28
295 28
296 28
297 28
298 28
299 28
301 28
305 28
306 28
309 28
331 28
332 28
333 28
341 28
389 28
426 28
429 28
448 28
519 28
520 28
527 28
529 28
530 28
598 28
599 28
613 28
614 28
620 28
622 28
623 28
624 28
625 28
626 28
648 28
649 28
650 28
651 28
652 28
653 28
654 28
655 28
656 28
657 28
668 28
669 28
670 28
671 28
672 28
673 28
675 28
676 28
677 28
686 28
687 28
688 28
689 28
709 28
802 28
810 28
811 28
812 28
813 28
814 28
815 28
817 28
818 28
819 28
820 28
821 28
945 28
946 28
947 28
948 28
949 28
950 28
951 28
952 28
953 28
954 28
955 28
956 28
957 28
958 28
959 28
960 28
961 28
962 28
964 28
965 28
966 28
967 28
968 28
969 28
971 28
972 28
973 28
974 28
975 28
976 28
977 28
978 28
979 28
980 28
981 28
982 28
983 28
984 28
985 28
986 28
987 28
988 28
989 28
994 28
997 28
998 28
999 28
1000 28
2 29
27 29
28 29
30 29
37 29
38 29
39 29
42 29
43 29
47 29
80 29
81 29
82 29
83 29
111 29
113 29
115 29
116 29
117 29
118 29
119 29
123 29
124 29
125 29
126 29
127 29
128 29
130 29
133 29
134 29
135 29
136 29
137 29
201 29
202 29
204 29
249 29
252 29
256 29
259 29
300 29
302 29
309 29
310 29
311 29
313 29
314 29
315 29
316 29
317 29
318 29
319 29
331 29
334 29
341 29
426 29
430 29
448 29
505 29
519 29
520 29
527 29
529 29
530 29
550 29
551 29
554 29
555 29
556 29
558 29
559 29
560 29
561 29
562 29
563 29
564 29
579 29
580 29
598 29
599 29
621 29
810 29
811 29
812 29
813 29
814 29
815 29
817 29
944 29
2 30
28 30
33 30
38 30
47 30
113 30
116 30
117 30
133 30
134 30
135 30
136 30
137 30
168 30
169 30
170 30
171 30
172 30
173 30
268 30
270 30
272 30
277 30
284 30
288 30
293 30
333 30
426 30
448 30
598 30
599 30
709 30
971 30
2 31
23 31
39 31
47 31
138 31
143 31
144 31
145 31
146 31
149 31
150 31
151 31
153 31
154 31
203 31
426 31
506 31
507 31
508 31
509 31
510 31
511 31
512 31
513 31
514 31
515 31
516 31
517 31
518 31
584 31
614 31
622 31
623 31
624 31
625 31
626 31
648 31
649 31
650 31
651 31
652 31
653 31
654 31
655 31
656 31
657 31
668 31
889 31
2 32
28 32
38 32
47 32
155 32
157 32
158 32
159 32
160 32
161 32
162 32
163 32
164 32
165 32
166 32
167 32
217 32
279 32
335 32
336 32
426 32
448 32
671 32
672 32
673 32
675 32
676 32
677 32
686 32
687 32
688 32
689 32
976 32
989 32
2 33
31 33
38 33
40 33
47 33
142 33
168 33
169 33
170 33
171 33
172 33
173 33
200 33
212 33
213 33
214 33
215 33
216 33
217 33
218 33
219 33
220 33
235 33
236 33
237 33
238 33
239 33
240 33
242 33
243 33
244 33
245 33
246 33
247 33
248 33
250 33
251 33
253 33
303 33
333 33
426 33
501 33
617 33
618 33
619 33
709 33
808 33
809 33
824 33
825 33
826 33
830 33
831 33
832 33
833 33
834 33
835 33
869 33
870 33
871 33
872 33
873 33
874 33
2 34
31 34
39 34
44 34
47 34
148 34
174 34
176 34
178 34
179 34
180 34
181 34
182 34
183 34
184 34
185 34
186 34
187 34
188 34
189 34
426 34
498 34
587 34
763 34
764 34
765 34
766 34
767 34
769 34
770 34
772 34
773 34
774 34
775 34
776 34
778 34
779 34
780 34
781 34
783 34
784 34
785 34
786 34
787 34
788 34
790 34
791 34
792 34
793 34
794 34
795 34
796 34
797 34
798 34
800 34
890 34
2 35
39 35
42 35
47 35
192 35
217 35
256 35
426 35
801 35
2 36
46 36
47 36
61 36
70 36
71 36
75 36
175 36
177 36
193 36
194 36
195 36
196 36
197 36
198 36
199 36
304 36
332 36
335 36
336 36
411 36
426 36
449 36
450 36
451 36
452 36
455 36
469 36
479 36
480 36
481 36
802 36
803 36
2 37
16 37
23 37
26 37
27 37
28 37
29 37
30 37
31 37
32 37
33 37
34 37
36 37
38 37
39 37
41 37
42 37
43 37
44 37
45 37
46 37
47 37
48 37
51 37
52 37
53 37
54 37
55 37
56 37
57 37
58 37
59 37
60 37
61 37
68 37
70 37
71 37
74 37
75 37
76 37
78 37
79 37
80 37
81 37
82 37
83 37
84 37
106 37
111 37
112 37
113 37
115 37
116 37
117 37
118 37
119 37
122 37
123 37
124 37
125 37
126 37
127 37
128 37
130 37
133 37
134 37
135 37
136 37
137 37
138 37
143 37
144 37
145 37
146 37
148 37
149 37
150 37
151 37
153 37
154 37
155 37
156 37
157 37
158 37
159 37
160 37
161 37
162 37
163 37
164 37
165 37
166 37
167 37
168 37
169 37
170 37
171 37
172 37
173 37
174 37
175 37
176 37
177 37
178 37
179 37
180 37
181 37
182 37
183 37
184 37
185 37
186 37
187 37
188 37
189 37
193 37
194 37
195 37
196 37
197 37
198 37
199 37
201 37
202 37
203 37
204 37
205 37
213 37
249 37
252 37
254 37
255 37
256 37
257 37
259 37
261 37
262 37
263 37
264 37
265 37
266 37
267 37
268 37
269 37
270 37
272 37
273 37
275 37
276 37
277 37
278 37
279 37
280 37
281 37
282 37
283 37
284 37
285 37
286 37
287 37
288 37
289 37
290 37
291 37
292 37
293 37
294 37
295 37
296 37
297 37
298 37
299 37
300 37
301 37
302 37
304 37
305 37
306 37
308 37
309 37
310 37
311 37
312 37
313 37
314 37
315 37
316 37
317 37
318 37
319 37
320 37
321 37
322 37
323 37
331 37
332 37
333 37
334 37
335 37
336 37
341 37
357 37
389 37
411 37
426 37
429 37
448 37
449 37
450 37
451 37
452 37
455 37
469 37
479 37
480 37
481 37
500 37
501 37
502 37
503 37
505 37
506 37
507 37
508 37
509 37
510 37
511 37
512 37
513 37
514 37
515 37
516 37
517 37
518 37
519 37
520 37
521 37
527 37
529 37
530 37
550 37
554 37
555 37
556 37
558 37
559 37
560 37
561 37
562 37
563 37
564 37
579 37
580 37
584 37
598 37
599 37
614 37
620 37
622 37
623 37
624 37
625 37
626 37
648 37
649 37
650 37
651 37
652 37
653 37
654 37
655 37
656 37
657 37
668 37
669 37
670 37
671 37
672 37
673 37
675 37
676 37
677 37
686 37
687 37
688 37
689 37
709 37
763 37
764 37
765 37
766 37
767 37
769 37
770 37
772 37
773 37
774 37
775 37
776 37
778 37
779 37
780 37
781 37
783 37
784 37
785 37
786 37
787 37
788 37
790 37
791 37
792 37
793 37
794 37
795 37
796 37
797 37
798 37
800 37
802 37
803 37
810 37
811 37
812 37
813 37
814 37
815 37
817 37
818 37
819 37
820 37
821 37
825 37
889 37
944 37
945 37
946 37
947 37
948 37
949 37
950 37
951 37
952 37
953 37
954 37
955 37
956 37
957 37
958 37
959 37
960 37
961 37
962 37
964 37
965 37
966 37
967 37
968 37
969 37
971 37
972 37
973 37
974 37
975 37
976 37
977 37
978 37
979 37
980 37
981 37
982 37
983 37
984 37
985 37
986 37
987 37
988 37
989 37
994 37
997 37
998 37
999 37
1000 37
2 38
16 38
23 38
26 38
27 38
28 38
29 38
30 38
31 38
32 38
33 38
34 38
36 38
37 38
39 38
41 38
42 38
43 38
44 38
45 38
47 38
48 38
51 38
52 38
53 38
54 38
55 38
56 38
57 38
58 38
59 38
60 38
68 38
74 38
75 38
76 38
78 38
79 38
80 38
81 38
82 38
83 38
84 38
106 38
111 38
112 38
113 38
115 38
116 38
117 38
118 38
119 38
122 38
123 38
124 38
125 38
126 38
127 38
128 38
130 38
133 38
134 38
135 38
136 38
137 38
138 38
143 38
144 38
145 38
146 38
148 38
149 38
150 38
151 38
153 38
154 38
155 38
156 38
157 38
158 38
159 38
160 38
161 38
162 38
163 38
164 38
165 38
166 38
167 38
168 38
169 38
170 38
171 38
172 38
173 38
174 38
175 38
176 38
178 38
179 38
180 38
181 38
182 38
183 38
184 38
185 38
186 38
187 38
188 38
189 38
193 38
194 38
195 38
196 38
197 38
198 38
199 38
201 38
202 38
203 38
204 38
205 38
213 38
249 38
252 38
254 38
255 38
256 38
257 38
259 38
261 38
262 38
263 38
264 38
265 38
266 38
267 38
268 38
269 38
270 38
272 38
273 38
275 38
276 38
277 38
278 38
279 38
280 38
281 38
282 38
283 38
284 38
285 38
286 38
287 38
288 38
289 38
290 38
291 38
292 38
293 38
294 38
295 38
296 38
297 38
298 38
299 38
300 38
301 38
302 38
304 38
305 38
306 38
308 38
309 38
310 38
311 38
312 38
313 38
314 38
315 38
316 38
317 38
318 38
319 38
320 38
321 38
322 38
323 38
331 38
332 38
333 38
334 38
335 38
336 38
341 38
357 38
389 38
426 38
429 38
448 38
449 38
455 38
479 38
480 38
481 38
500 38
501 38
502 38
503 38
505 38
506 38
507 38
508 38
509 38
510 38
511 38
512 38
513 38
514 38
515 38
516 38
517 38
518 38
519 38
520 38
521 38
527 38
529 38
530 38
550 38
554 38
555 38
556 38
558 38
559 38
560 38
561 38
562 38
563 38
564 38
579 38
580 38
584 38
598 38
599 38
614 38
620 38
622 38
623 38
624 38
625 38
626 38
648 38
649 38
650 38
651 38
652 38
653 38
654 38
655 38
656 38
657 38
668 38
669 38
670 38
671 38
672 38
673 38
675 38
676 38
677 38
686 38
687 38
688 38
689 38
709 38
763 38
764 38
765 38
766 38
767 38
769 38
770 38
772 38
773 38
774 38
775 38
776 38
778 38
779 38
780 38
781 38
783 38
784 38
785 38
786 38
787 38
788 38
790 38
791 38
792 38
793 38
794 38
795 38
796 38
797 38
798 38
800 38
802 38
803 38
810 38
811 38
812 38
813 38
814 38
815 38
817 38
818 38
819 38
820 38
821 38
825 38
889 38
944 38
945 38
946 38
947 38
948 38
949 38
950 38
951 38
952 38
953 38
954 38
955 38
956 38
957 38
958 38
959 38
960 38
961 38
962 38
964 38
965 38
966 38
967 38
968 38
969 38
971 38
972 38
973 38
974 38
975 38
976 38
977 38
978 38
979 38
980 38
981 38
982 38
983 38
984 38
985 38
986 38
987 38
988 38
989 38
994 38
997 38
998 38
999 38
1000 38
2 39
26 39
35 39
41 39
42 39
46 39
61 39
177 39
192 39
254 39
255 39
256 39
257 39
426 39
2 40
26 40
33 40
35 40
39 40
41 40
42 40
46 40
47 40
61 40
142 40
168 40
169 40
170 40
171 40
172 40
173 40
177 40
192 40
200 40
212 40
213 40
214 40
215 40
216 40
217 40
218 40
219 40
220 40
235 40
236 40
237 40
238 40
239 40
240 40
242 40
243 40
244 40
245 40
246 40
247 40
248 40
250 40
251 40
253 40
254 40
255 40
256 40
257 40
303 40
333 40
426 40
485 40
489 40
617 40
618 40
619 40
709 40
808 40
809 40
824 40
825 40
826 40
830 40
831 40
832 40
833 40
834 40
835 40
869 40
870 40
871 40
872 40
873 40
874 40
879 40
884 40
2 41
26 41
35 41
39 41
42 41
46 41
61 41
177 41
192 41
254 41
255 41
256 41
257 41
426 41
2 42
16 42
26 42
35 42
38 42
39 42
41 42
46 42
47 42
48 42
61 42
75 42
76 42
78 42
79 42
175 42
177 42
192 42
254 42
255 42
256 42
257 42
335 42
336 42
426 42
479 42
480 42
481 42
2 43
23 43
26 43
28 43
29 43
30 43
31 43
33 43
34 43
37 43
44 43
45 43
46 43
47 43
52 43
61 43
70 43
71 43
74 43
75 43
80 43
81 43
82 43
83 43
84 43
106 43
111 43
112 43
113 43
115 43
116 43
117 43
118 43
119 43
123 43
124 43
125 43
126 43
127 43
128 43
130 43
133 43
134 43
135 43
136 43
137 43
138 43
143 43
144 43
145 43
146 43
148 43
149 43
150 43
151 43
153 43
154 43
156 43
168 43
169 43
170 43
171 43
172 43
173 43
174 43
175 43
176 43
177 43
178 43
179 43
180 43
181 43
182 43
183 43
184 43
185 43
186 43
187 43
188 43
189 43
201 43
202 43
203 43
204 43
205 43
213 43
249 43
252 43
259 43
261 43
262 43
263 43
264 43
265 43
266 43
267 43
268 43
269 43
270 43
272 43
273 43
275 43
276 43
277 43
278 43
279 43
280 43
281 43
282 43
283 43
284 43
285 43
286 43
287 43
288 43
289 43
290 43
291 43
292 43
293 43
294 43
295 43
296 43
297 43
298 43
299 43
300 43
301 43
302 43
304 43
305 43
306 43
309 43
310 43
311 43
312 43
313 43
314 43
315 43
316 43
317 43
318 43
319 43
320 43
321 43
322 43
323 43
331 43
333 43
334 43
335 43
336 43
341 43
357 43
411 43
426 43
429 43
448 43
449 43
450 43
451 43
452 43
455 43
469 43
479 43
480 43
481 43
500 43
501 43
502 43
503 43
505 43
506 43
507 43
508 43
509 43
510 43
511 43
512 43
513 43
514 43
515 43
516 43
517 43
518 43
521 43
527 43
529 43
530 43
550 43
554 43
555 43
556 43
558 43
559 43
560 43
561 43
562 43
563 43
564 43
579 43
580 43
584 43
598 43
599 43
614 43
620 43
622 43
623 43
624 43
625 43
626 43
648 43
649 43
650 43
651 43
652 43
653 43
654 43
655 43
656 43
657 43
668 43
669 43
670 43
709 43
763 43
764 43
765 43
766 43
767 43
769 43
770 43
772 43
773 43
774 43
775 43
776 43
778 43
779 43
780 43
781 43
783 43
784 43
785 43
786 43
787 43
788 43
790 43
791 43
792 43
793 43
794 43
795 43
796 43
797 43
798 43
800 43
803 43
810 43
811 43
812 43
813 43
814 43
815 43
818 43
819 43
820 43
821 43
825 43
889 43
944 43
945 43
946 43
947 43
948 43
949 43
950 43
951 43
952 43
953 43
954 43
955 43
956 43
957 43
958 43
959 43
960 43
961 43
962 43
964 43
965 43
966 43
967 43
968 43
969 43
971 43
972 43
973 43
974 43
975 43
976 43
977 43
978 43
979 43
980 43
981 43
982 43
983 43
984 43
985 43
986 43
987 43
988 43
989 43
994 43
997 43
998 43
999 43
1000 43
2 44
28 44
30 44
38 44
39 44
45 44
47 44
106 44
113 44
115 44
116 44
117 44
133 44
134 44
135 44
136 44
137 44
156 44
205 44
261 44
262 44
263 44
264 44
265 44
266 44
267 44
268 44
269 44
270 44
272 44
273 44
275 44
276 44
277 44
278 44
279 44
280 44
281 44
282 44
283 44
284 44
285 44
286 44
287 44
288 44
289 44
290 44
291 44
292 44
293 44
294 44
295 44
296 44
297 44
298 44
299 44
301 44
305 44
306 44
331 44
341 44
426 44
448 44
501 44
502 44
527 44
529 44
530 44
598 44
599 44
669 44
670 44
818 44
819 44
820 44
821 44
945 44
946 44
947 44
948 44
949 44
950 44
951 44
952 44
953 44
954 44
955 44
956 44
957 44
958 44
959 44
960 44
961 44
962 44
964 44
965 44
966 44
967 44
968 44
969 44
971 44
972 44
973 44
974 44
975 44
976 44
977 44
978 44
979 44
980 44
981 44
982 44
983 44
984 44
985 44
986 44
987 44
988 44
989 44
994 44
997 44
998 44
999 44
1000 44
2 45
38 45
44 45
47 45
294 45
295 45
296 45
297 45
298 45
299 45
301 45
426 45
2 46
61 46
142 46
177 46
200 46
212 46
213 46
214 46
215 46
216 46
217 46
219 46
220 46
235 46
236 46
237 46
239 46
240 46
242 46
246 46
248 46
250 46
251 46
253 46
303 46
426 46
617 46
618 46
619 46
808 46
809 46
824 46
825 46
826 46
830 46
831 46
832 46
833 46
834 46
835 46
869 46
871 46
872 46
873 46
874 46
2 47
304 47
426 47
2 48
16 48
38 48
76 48
78 48
79 48
122 48
304 48
308 48
426 48
2 49
426 49
2 50
426 50
16 52
23 52
26 52
27 52
28 52
29 52
30 52
31 52
32 52
33 52
34 52
36 52
37 52
38 52
39 52
41 52
42 52
43 52
44 52
45 52
46 52
47 52
48 52
51 52
53 52
54 52
55 52
56 52
57 52
58 52
59 52
60 52
61 52
68 52
70 52
71 52
74 52
75 52
76 52
78 52
79 52
80 52
81 52
82 52
83 52
84 52
106 52
111 52
112 52
113 52
115 52
116 52
117 52
130 52
133 52
134 52
135 52
136 52
137 52
138 52
143 52
144 52
145 52
146 52
148 52
149 52
150 52
151 52
153 52
154 52
155 52
156 52
157 52
158 52
159 52
160 52
161 52
162 52
163 52
164 52
165 52
166 52
167 52
168 52
169 52
170 52
171 52
172 52
173 52
174 52
175 52
176 52
177 52
178 52
179 52
180 52
181 52
182 52
183 52
184 52
185 52
186 52
187 52
188 52
189 52
193 52
194 52
195 52
196 52
197 52
198 52
199 52
201 52
202 52
203 52
205 52
213 52
249 52
254 52
255 52
256 52
257 52
259 52
261 52
262 52
263 52
264 52
265 52
266 52
267 52
268 52
269 52
270 52
272 52
273 52
275 52
276 52
277 52
278 52
279 52
280 52
281 52
282 52
283 52
284 52
285 52
286 52
287 52
288 52
289 52
290 52
291 52
292 52
293 52
294 52
295 52
296 52
297 52
298 52
299 52
301 52
304 52
305 52
306 52
309 52
310 52
311 52
312 52
313 52
314 52
315 52
316 52
317 52
318 52
319 52
320 52
321 52
322 52
323 52
331 52
332 52
333 52
335 52
336 52
341 52
357 52
389 52
411 52
429 52
448 52
449 52
450 52
451 52
452 52
455 52
469 52
479 52
480 52
481 52
500 52
501 52
502 52
503 52
505 52
506 52
507 52
508 52
509 52
510 52
511 52
512 52
513 52
514 52
515 52
516 52
517 52
518 52
519 52
520 52
521 52
527 52
529 52
530 52
584 52
598 52
599 52
614 52
620 52
622 52
623 52
624 52
625 52
626 52
648 52
649 52
650 52
651 52
652 52
653 52
654 52
655 52
656 52
657 52
668 52
669 52
670 52
671 52
672 52
673 52
675 52
676 52
677 52
686 52
687 52
688 52
689 52
709 52
763 52
764 52
765 52
766 52
767 52
769 52
770 52
772 52
773 52
774 52
775 52
776 52
778 52
779 52
780 52
781 52
783 52
784 52
785 52
786 52
787 52
788 52
790 52
791 52
792 52
793 52
794 52
795 52
796 52
797 52
798 52
800 52
802 52
803 52
817 52
818 52
819 52
820 52
821 52
825 52
889 52
944 52
945 52
946 52
947 52
948 52
949 52
950 52
951 52
952 52
953 52
954 52
955 52
956 52
957 52
958 52
959 52
960 52
961 52
962 52
964 52
965 52
966 52
967 52
968 52
969 52
971 52
972 52
973 52
974 52
975 52
976 52
977 52
978 52
979 52
980 52
981 52
982 52
983 52
984 52
985 52
986 52
987 52
988 52
989 52
994 52
997 52
998 52
999 52
1000 52
51 53
54 53
55 53
56 53
57 53
58 53
59 53
60 53
63 53
64 53
65 53
66 53
68 53
69 53
70 53
71 53
72 53
365 53
383 53
387 53
388 53
389 53
409 53
411 53
412 53
425 53
427 53
433 53
434 53
446 53
447 53
449 53
450 53
451 53
452 53
469 53
470 53
471 53
472 53
473 53
51 54
53 54
55 54
56 54
57 54
58 54
59 54
60 54
63 54
64 54
65 54
66 54
68 54
69 54
70 54
71 54
72 54
365 54
383 54
387 54
388 54
389 54
411 54
412 54
425 54
427 54
433 54
434 54
446 54
447 54
449 54
450 54
451 54
452 54
469 54
470 54
471 54
472 54
473 54
51 55
53 55
54 55
56 55
57 55
58 55
59 55
60 55
63 55
64 55
65 55
66 55
68 55
69 55
70 55
71 55
72 55
365 55
383 55
387 55
388 55
389 55
411 55
412 55
425 55
427 55
433 55
434 55
446 55
447 55
449 55
450 55
451 55
452 55
469 55
470 55
471 55
472 55
473 55
51 56
53 56
54 56
55 56
57 56
58 56
59 56
60 56
63 56
64 56
65 56
66 56
68 56
69 56
70 56
72 56
365 56
383 56
389 56
411 56
412 56
425 56
427 56
433 56
434 56
446 56
447 56
449 56
450 56
451 56
452 56
470 56
471 56
472 56
473 56
51 57
53 57
54 57
55 57
56 57
58 57
59 57
60 57
63 57
64 57
65 57
66 57
68 57
69 57
70 57
72 57
365 57
383 57
389 57
411 57
412 57
425 57
427 57
433 57
434 57
446 57
447 57
449 57
450 57
451 57
452 57
470 57
471 57
472 57
473 57
51 58
53 58
54 58
55 58
56 58
57 58
59 58
60 58
63 58
64 58
65 58
66 58
68 58
69 58
70 58
71 58
72 58
365 58
383 58
387 58
388 58
389 58
411 58
412 58
425 58
427 58
433 58
434 58
446 58
447 58
449 58
450 58
451 58
452 58
469 58
470 58
471 58
472 58
473 58
51 59
53 59
54 59
55 59
56 59
57 59
58 59
60 59
63 59
64 59
65 59
66 59
68 59
69 59
70 59
71 59
72 59
365 59
383 59
387 59
388 59
389 59
411 59
412 59
425 59
427 59
433 59
434 59
446 59
447 59
449 59
450 59
451 59
452 59
469 59
470 59
471 59
472 59
473 59
51 60
53 60
54 60
55 60
56 60
57 60
58 60
59 60
63 60
64 60
65 60
66 60
68 60
69 60
70 60
72 60
365 60
383 60
389 60
411 60
412 60
425 60
427 60
433 60
434 60
446 60
447 60
449 60
450 60
451 60
452 60
470 60
471 60
472 60
473 60
16 61
23 61
26 61
27 61
28 61
29 61
30 61
31 61
32 61
33 61
36 61
37 61
38 61
39 61
40 61
41 61
42 61
43 61
44 61
45 61
46 61
47 61
48 61
51 61
52 61
53 61
54 61
55 61
56 61
57 61
58 61
59 61
60 61
68 61
70 61
71 61
74 61
75 61
76 61
78 61
79 61
80 61
81 61
82 61
83 61
84 61
106 61
111 61
112 61
113 61
115 61
116 61
117 61
118 61
119 61
123 61
124 61
125 61
126 61
127 61
128 61
130 61
133 61
134 61
135 61
136 61
137 61
138 61
143 61
144 61
145 61
146 61
149 61
150 61
151 61
153 61
154 61
155 61
156 61
157 61
158 61
159 61
160 61
161 61
162 61
163 61
164 61
165 61
166 61
167 61
168 61
169 61
170 61
171 61
172 61
173 61
175 61
177 61
193 61
194 61
195 61
196 61
197 61
198 61
199 61
201 61
202 61
203 61
204 61
205 61
218 61
238 61
243 61
244 61
245 61
247 61
249 61
252 61
254 61
255 61
256 61
257 61
259 61
261 61
262 61
263 61
264 61
265 61
266 61
267 61
268 61
269 61
270 61
272 61
273 61
275 61
276 61
277 61
278 61
279 61
280 61
281 61
282 61
283 61
284 61
285 61
286 61
287 61
288 61
289 61
290 61
291 61
292 61
293 61
294 61
295 61
296 61
297 61
298 61
299 61
300 61
301 61
302 61
304 61
305 61
306 61
309 61
310 61
311 61
312 61
313 61
314 61
315 61
316 61
317 61
318 61
319 61
320 61
321 61
322 61
323 61
331 61
332 61
333 61
334 61
335 61
336 61
341 61
357 61
389 61
411 61
429 61
448 61
449 61
450 61
451 61
452 61
455 61
469 61
479 61
480 61
481 61
500 61
501 61
502 61
503 61
505 61
506 61
507 61
508 61
509 61
510 61
511 61
512 61
513 61
514 61
515 61
516 61
517 61
518 61
519 61
520 61
521 61
527 61
529 61
530 61
550 61
554 61
555 61
556 61
558 61
559 61
560 61
561 61
562 61
563 61
564 61
579 61
580 61
584 61
598 61
599 61
614 61
620 61
622 61
623 61
624 61
625 61
626 61
648 61
649 61
650 61
651 61
652 61
653 61
654 61
655 61
656 61
657 61
668 61
669 61
670 61
671 61
672 61
673 61
675 61
676 61
677 61
686 61
687 61
688 61
689 61
709 61
802 61
803 61
810 61
811 61
812 61
813 61
814 61
815 61
818 61
819 61
820 61
821 61
870 61
889 61
944 61
945 61
946 61
947 61
948 61
949 61
950 61
951 61
952 61
953 61
954 61
955 61
956 61
957 61
958 61
959 61
960 61
961 61
962 61
964 61
965 61
966 61
967 61
968 61
969 61
971 61
972 61
973 61
974 61
975 61
976 61
977 61
978 61
979 61
980 61
981 61
982 61
983 61
984 61
985 61
986 61
987 61
988 61
989 61
994 61
997 61
998 61
999 61
1000 61
51 62
53 62
56 62
71 62
469 62
549 62
51 63
53 63
54 63
55 63
56 63
58 63
60 63
64 63
65 63
66 63
68 63
69 63
70 63
71 63
72 63
365 63
383 63
387 63
388 63
411 63
412 63
425 63
427 63
433 63
434 63
446 63
447 63
449 63
450 63
451 63
452 63
469 63
470 63
471 63
472 63
473 63
51 64
53 64
56 64
58 64
60 64
63 64
65 64
66 64
69 64
70 64
72 64
365 64
383 64
411 64
412 64
425 64
427 64
433 64
434 64
446 64
447 64
449 64
450 64
451 64
452 64
470 64
471 64
472 64
473 64
51 65
53 65
56 65
57 65
58 65
60 65
63 65
64 65
66 65
69 65
70 65
72 65
365 65
383 65
411 65
412 65
425 65
427 65
433 65
434 65
446 65
447 65
449 65
450 65
451 65
452 65
470 65
471 65
472 65
473 65
51 66
53 66
56 66
58 66
60 66
63 66
64 66
65 66
69 66
70 66
72 66
365 66
383 66
411 66
412 66
425 66
427 66
433 66
434 66
446 66
447 66
449 66
450 66
451 66
452 66
470 66
471 66
472 66
473 66
51 67
53 67
56 67
58 67
60 67
63 67
64 67
65 67
66 67
70 67
72 67
365 67
383 67
411 67
412 67
425 67
427 67
433 67
434 67
447 67
449 67
450 67
451 67
452 67
470 67
471 67
472 67
473 67
51 68
53 68
54 68
55 68
56 68
58 68
60 68
63 68
64 68
65 68
66 68
69 68
70 68
71 68
72 68
97 68
365 68
383 68
387 68
388 68
411 68
412 68
425 68
427 68
433 68
434 68
447 68
449 68
450 68
451 68
452 68
469 68
470 68
471 68
472 68
473 68
603 68
51 69
53 69
54 69
55 69
56 69
58 69
60 69
63 69
64 69
65 69
66 69
68 69
70 69
71 69
72 69
365 69
383 69
387 69
388 69
411 69
412 69
425 69
427 69
433 69
434 69
445 69
446 69
447 69
449 69
450 69
451 69
452 69
469 69
470 69
471 69
472 69
473 69
51 70
53 70
56 70
60 70
62 70
63 70
64 70
65 70
66 70
69 70
72 70
365 70
383 70
388 70
411 70
412 70
425 70
427 70
433 70
434 70
446 70
447 70
449 70
450 70
451 70
452 70
453 70
454 70
455 70
470 70
471 70
472 70
473 70
549 70
51 71
53 71
54 71
55 71
56 71
58 71
60 71
63 71
64 71
65 71
66 71
68 71
69 71
70 71
72 71
97 71
365 71
383 71
387 71
388 71
411 71
412 71
425 71
427 71
428 71
433 71
434 71
446 71
447 71
449 71
450 71
451 71
452 71
469 71
470 71
471 71
472 71
473 71
603 71
40 72
51 72
53 72
54 72
55 72
56 72
58 72
60 72
62 72
63 72
64 72
65 72
66 72
68 72
70 72
71 72
365 72
383 72
387 72
388 72
411 72
412 72
425 72
427 72
433 72
434 72
447 72
449 72
450 72
451 72
452 72
469 72
470 72
471 72
472 72
473 72
549 72
16 73
23 73
28 73
29 73
31 73
33 73
34 73
38 73
47 73
48 73
52 73
70 73
71 73
75 73
76 73
78 73
79 73
83 73
113 73
115 73
116 73
117 73
118 73
119 73
123 73
124 73
125 73
126 73
127 73
128 73
138 73
143 73
144 73
145 73
146 73
148 73
149 73
150 73
151 73
153 73
154 73
168 73
169 73
170 73
171 73
172 73
173 73
174 73
175 73
176 73
178 73
179 73
180 73
181 73
182 73
183 73
184 73
185 73
186 73
187 73
188 73
189 73
203 73
204 73
213 73
252 73
259 73
300 73
302 73
331 73
333 73
334 73
335 73
336 73
341 73
357 73
411 73
448 73
449 73
450 73
451 73
452 73
455 73
469 73
479 73
480 73
481 73
506 73
507 73
508 73
509 73
510 73
511 73
512 73
513 73
514 73
515 73
516 73
517 73
518 73
527 73
529 73
530 73
550 73
554 73
555 73
556 73
558 73
559 73
560 73
561 73
562 73
563 73
564 73
579 73
580 73
584 73
614 73
622 73
623 73
624 73
625 73
626 73
648 73
649 73
650 73
651 73
652 73
653 73
654 73
655 73
656 73
657 73
668 73
709 73
763 73
764 73
765 73
766 73
767 73
769 73
770 73
772 73
773 73
774 73
775 73
776 73
778 73
779 73
780 73
781 73
783 73
784 73
785 73
786 73
787 73
788 73
790 73
791 73
792 73
793 73
794 73
795 73
796 73
797 73
798 73
800 73
810 73
811 73
812 73
813 73
814 73
815 73
825 73
889 73
944 73
16 74
38 74
39 74
47 74
48 74
75 74
76 74
78 74
79 74
80 74
82 74
112 74
175 74
194 74
249 74
309 74
335 74
336 74
479 74
480 74
481 74
521 74
802 74
803 74
16 75
38 75
47 75
48 75
76 75
78 75
79 75
175 75
335 75
336 75
479 75
480 75
481 75
16 76
38 76
39 76
47 76
48 76
75 76
78 76
79 76
175 76
335 76
336 76
479 76
480 76
481 76
16 77
47 77
48 77
76 77
475 77
16 78
38 78
39 78
40 78
47 78
48 78
76 78
79 78
16 79
38 79
76 79
78 79
27 80
37 80
43 80
74 80
81 80
83 80
106 80
111 80
112 80
201 80
202 80
249 80
309 80
310 80
311 80
313 80
314 80
315 80
316 80
317 80
318 80
319 80
501 80
502 80
503 80
505 80
519 80
520 80
521 80
27 81
37 81
38 81
43 81
47 81
52 81
80 81
82 81
83 81
84 81
111 81
201 81
202 81
249 81
259 81
309 81
310 81
311 81
312 81
313 81
314 81
315 81
316 81
317 81
318 81
319 81
320 81
321 81
322 81
323 81
357 81
500 81
505 81
519 81
520 81
944 81
27 82
39 82
43 82
47 82
74 82
80 82
83 82
112 82
249 82
309 82
521 82
27 83
43 83
47 83
82 83
27 84
34 84
37 84
189 84
201 84
202 84
800 84
4 85
5 85
7 85
8 85
9 85
11 85
13 85
15 85
19 85
21 85
22 85
24 85
86 85
87 85
88 85
89 85
95 85
96 85
97 85
98 85
100 85
101 85
103 85
104 85
222 85
226 85
227 85
228 85
229 85
230 85
340 85
351 85
352 85
353 85
371 85
373 85
374 85
375 85
376 85
377 85
378 85
379 85
381 85
417 85
418 85
419 85
420 85
421 85
422 85
423 85
424 85
474 85
475 85
494 85
495 85
497 85
528 85
531 85
532 85
533 85
534 85
535 85
572 85
573 85
574 85
575 85
582 85
583 85
586 85
589 85
590 85
591 85
595 85
597 85
601 85
602 85
603 85
604 85
606 85
607 85
608 85
609 85
627 85
935 85
936 85
937 85
4 86
7 86
9 86
11 86
13 86
15 86
19 86
21 86
22 86
24 86
85 86
87 86
88 86
89 86
222 86
351 86
353 86
371 86
474 86
475 86
494 86
495 86
497 86
531 86
532 86
533 86
534 86
535 86
572 86
573 86
575 86
582 86
583 86
586 86
589 86
590 86
591 86
595 86
627 86
4 87
7 87
8 87
9 87
11 87
13 87
15 87
19 87
21 87
22 87
24 87
85 87
86 87
88 87
89 87
222 87
226 87
227 87
228 87
229 87
230 87
340 87
351 87
353 87
371 87
474 87
475 87
494 87
495 87
497 87
528 87
531 87
532 87
533 87
534 87
535 87
572 87
573 87
574 87
575 87
582 87
583 87
586 87
589 87
590 87
591 87
595 87
597 87
601 87
602 87
603 87
604 87
606 87
607 87
608 87
609 87
627 87
935 87
936 87
937 87
4 88
5 88
7 88
8 88
9 88
11 88
13 88
15 88
19 88
21 88
22 88
24 88
85 88
86 88
87 88
89 88
95 88
96 88
97 88
98 88
100 88
101 88
103 88
104 88
222 88
226 88
227 88
228 88
229 88
230 88
340 88
351 88
352 88
353 88
371 88
373 88
374 88
375 88
376 88
377 88
378 88
379 88
381 88
417 88
418 88
419 88
420 88
421 88
422 88
423 88
424 88
474 88
475 88
494 88
495 88
497 88
528 88
531 88
532 88
533 88
534 88
535 88
572 88
573 88
574 88
575 88
582 88
583 88
586 88
589 88
590 88
591 88
595 88
597 88
601 88
602 88
603 88
604 88
606 88
607 88
608 88
609 88
627 88
935 88
936 88
937 88
4 89
5 89
7 89
9 89
11 89
13 89
15 89
19 89
21 89
22 89
24 89
85 89
86 89
87 89
88 89
222 89
351 89
353 89
371 89
474 89
475 89
494 89
495 89
497 89
531 89
532 89
533 89
534 89
535 89
572 89
573 89
575 89
582 89
583 89
586 89
589 89
590 89
591 89
595 89
627 89
4 90
5 90
7 90
8 90
9 90
11 90
13 90
15 90
19 90
21 90
22 90
24 90
85 90
86 90
87 90
88 90
89 90
95 90
96 90
97 90
98 90
100 90
101 90
103 90
104 90
222 90
226 90
227 90
228 90
229 90
230 90
340 90
351 90
352 90
353 90
371 90
373 90
374 90
375 90
376 90
377 90
378 90
379 90
381 90
417 90
418 90
419 90
420 90
421 90
422 90
423 90
424 90
474 90
475 90
494 90
495 90
497 90
528 90
531 90
532 90
533 90
534 90
535 90
572 90
573 90
574 90
575 90
582 90
583 90
586 90
589 90
590 90
591 90
595 90
597 90
601 90
602 90
603 90
604 90
606 90
607 90
608 90
609 90
627 90
935 90
936 90
937 90
4 91
5 91
7 91
8 91
9 91
11 91
13 91
15 91
19 91
21 91
22 91
24 91
85 91
86 91
87 91
88 91
89 91
95 91
96 91
97 91
98 91
100 91
101 91
103 91
104 91
222 91
226 91
227 91
228 91
229 91
230 91
340 91
351 91
352 91
353 91
371 91
373 91
374 91
375 91
376 91
377 91
378 91
379 91
381 91
417 91
418 91
419 91
420 91
421 91
422 91
423 91
424 91
474 91
475 91
494 91
495 91
497 91
528 91
531 91
532 91
533 91
534 91
535 91
572 91
573 91
574 91
575 91
582 91
583 91
586 91
589 91
590 91
591 91
595 91
597 91
601 91
602 91
603 91
604 91
606 91
607 91
608 91
609 91
627 91
935 91
936 91
937 91
4 92
7 92
8 92
9 92
11 92
13 92
15 92
19 92
21 92
22 92
24 92
85 92
86 92
87 92
88 92
89 92
95 92
96 92
97 92
98 92
100 92
101 92
103 92
104 92
138 92
222 92
226 92
227 92
228 92
229 92
230 92
340 92
351 92
352 92
353 92
371 92
373 92
374 92
375 92
376 92
377 92
378 92
379 92
381 92
417 92
418 92
419 92
420 92
421 92
422 92
423 92
424 92
474 92
475 92
494 92
495 92
497 92
528 92
531 92
532 92
533 92
534 92
535 92
572 92
573 92
574 92
575 92
582 92
583 92
586 92
589 92
590 92
591 92
595 92
597 92
601 92
602 92
603 92
604 92
606 92
607 92
608 92
609 92
627 92
935 92
936 92
937 92
4 93
5 93
7 93
9 93
11 93
13 93
15 93
19 93
21 93
22 93
24 93
85 93
86 93
87 93
88 93
89 93
222 93
351 93
353 93
371 93
474 93
475 93
494 93
495 93
497 93
531 93
532 93
533 93
534 93
535 93
572 93
573 93
575 93
582 93
583 93
586 93
589 93
590 93
591 93
595 93
627 93
4 94
4 95
4 96
4 97
4 98
4 99
4 100
4 101
4 102
89 102
4 103
4 104
4 105
28 106
30 106
31 106
39 106
42 106
47 106
74 106
80 106
82 106
111 106
112 106
113 106
115 106
116 106
117 106
133 106
134 106
135 106
136 106
137 106
249 106
256 106
309 106
331 106
341 106
448 106
501 106
502 106
503 106
519 106
520 106
521 106
527 106
529 106
530 106
598 106
599 106
28 107
31 107
41 107
47 107
150 107
254 107
430 107
448 107
28 108
430 108
28 109
28 110
28 111
39 111
47 111
74 111
80 111
82 111
112 111
113 111
116 111
117 111
249 111
309 111
448 111
503 111
519 111
520 111
521 111
23 112
28 112
31 112
39 112
47 112
74 112
80 112
82 112
111 112
113 112
116 112
117 112
249 112
309 112
448 112
503 112
506 112
507 112
508 112
509 112
510 112
511 112
512 112
513 112
514 112
515 112
516 112
517 112
518 112
519 112
520 112
28 113
39 113
47 113
116 113
117 113
448 113
28 114
47 114
448 114
28 115
39 115
47 115
113 115
116 115
117 115
331 115
341 115
448 115
527 115
529 115
530 115
28 116
47 116
74 116
80 116
82 116
112 116
113 116
117 116
249 116
309 116
448 116
521 116
28 117
47 117
113 117
116 117
448 117
29 118
119 118
123 118
124 118
125 118
126 118
127 118
128 118
130 118
204 118
252 118
300 118
302 118
550 118
554 118
555 118
556 118
558 118
559 118
560 118
561 118
562 118
563 118
564 118
579 118
580 118
810 118
811 118
812 118
813 118
814 118
815 118
817 118
29 119
52 119
84 119
118 119
123 119
124 119
125 119
126 119
127 119
128 119
130 119
204 119
225 119
252 119
300 119
302 119
312 119
320 119
321 119
322 119
323 119
334 119
357 119
372 119
500 119
550 119
554 119
555 119
556 119
558 119
559 119
560 119
561 119
562 119
563 119
564 119
579 119
580 119
810 119
811 119
812 119
813 119
814 119
815 119
817 119
29 120
118 120
119 120
123 120
124 120
125 120
126 120
127 120
128 120
130 120
204 120
252 120
300 120
302 120
334 120
550 120
554 120
555 120
556 120
558 120
559 120
560 120
561 120
562 120
563 120
564 120
579 120
580 120
810 120
811 120
812 120
813 120
814 120
815 120
817 120
29 121
119 121
123 121
124 121
125 121
126 121
127 121
128 121
204 121
252 121
300 121
302 121
550 121
554 121
555 121
556 121
558 121
559 121
560 121
561 121
562 121
564 121
579 121
580 121
810 121
811 121
812 121
813 121
814 121
815 121
817 121
29 122
118 122
119 122
123 122
124 122
125 122
126 122
127 122
128 122
130 122
204 122
252 122
300 122
302 122
334 122
550 122
554 122
555 122
556 122
558 122
559 122
560 122
561 122
562 122
563 122
564 122
579 122
580 122
810 122
811 122
812 122
813 122
814 122
815 122
817 122
29 123
38 123
45 123
47 123
118 123
119 123
124 123
125 123
126 123
127 123
128 123
130 123
204 123
252 123
294 123
295 123
296 123
297 123
298 123
299 123
300 123
301 123
302 123
334 123
550 123
554 123
555 123
556 123
558 123
559 123
560 123
561 123
562 123
563 123
564 123
579 123
580 123
810 123
811 123
812 123
813 123
814 123
815 123
817 123
29 124
38 124
47 124
118 124
119 124
123 124
125 124
126 124
127 124
128 124
130 124
204 124
252 124
300 124
302 124
334 124
550 124
554 124
555 124
556 124
558 124
559 124
560 124
561 124
562 124
563 124
564 124
579 124
580 124
810 124
811 124
812 124
813 124
814 124
815 124
817 124
29 125
38 125
47 125
118 125
119 125
123 125
124 125
126 125
127 125
128 125
130 125
204 125
252 125
300 125
302 125
334 125
550 125
554 125
555 125
556 125
558 125
559 125
560 125
561 125
562 125
563 125
564 125
579 125
580 125
810 125
811 125
812 125
813 125
814 125
815 125
817 125
29 126
38 126
47 126
118 126
119 126
123 126
124 126
125 126
127 126
128 126
130 126
204 126
252 126
273 126
300 126
302 126
334 126
550 126
554 126
555 126
556 126
558 126
559 126
560 126
561 126
562 126
563 126
564 126
579 126
580 126
810 126
811 126
812 126
813 126
814 126
815 126
817 126
980 126
29 127
126 127
128 127
579 127
580 127
29 128
126 128
127 128
579 128
580 128
29 129
118 129
130 129
334 129
29 130
118 130
334 130
29 131
7 132
30 132
31 132
36 132
37 132
40 132
42 132
44 132
45 132
47 132
74 132
81 132
106 132
112 132
122 132
133 132
134 132
135 132
136 132
137 132
154 132
156 132
178 132
180 132
182 132
183 132
184 132
185 132
187 132
188 132
193 132
194 132
195 132
196 132
197 132
198 132
199 132
201 132
202 132
205 132
214 132
256 132
261 132
262 132
263 132
265 132
266 132
267 132
268 132
269 132
270 132
272 132
273 132
275 132
276 132
277 132
278 132
279 132
280 132
281 132
282 132
283 132
284 132
285 132
286 132
287 132
288 132
289 132
290 132
291 132
292 132
293 132
294 132
295 132
296 132
297 132
298 132
299 132
301 132
304 132
305 132
306 132
308 132
310 132
311 132
312 132
313 132
314 132
315 132
316 132
317 132
318 132
319 132
320 132
321 132
322 132
323 132
332 132
497 132
498 132
501 132
502 132
503 132
505 132
521 132
555 132
584 132
586 132
587 132
598 132
599 132
669 132
670 132
784 132
794 132
796 132
802 132
803 132
818 132
819 132
820 132
821 132
889 132
890 132
945 132
946 132
947 132
948 132
949 132
950 132
951 132
952 132
953 132
954 132
955 132
956 132
957 132
958 132
959 132
960 132
961 132
962 132
964 132
965 132
966 132
967 132
968 132
969 132
971 132
972 132
973 132
974 132
975 132
976 132
977 132
978 132
979 132
980 132
981 132
982 132
983 132
984 132
985 132
986 132
987 132
988 132
989 132
994 132
997 132
998 132
999 132
1000 132
30 133
137 133
30 134
30 135
136 135
137 135
30 136
134 136
135 136
137 136
598 136
30 137
133 137
134 137
135 137
136 137
598 137
599 137
31 138
47 138
143 138
144 138
145 138
146 138
149 138
150 138
151 138
153 138
154 138
203 138
584 138
614 138
622 138
623 138
624 138
625 138
626 138
648 138
649 138
650 138
651 138
652 138
653 138
654 138
655 138
656 138
657 138
668 138
889 138
31 139
253 139
31 140
47 140
150 140
448 140
657 140
31 141
47 141
31 142
40 142
47 142
200 142
31 143
41 143
47 143
254 143
31 144
47 144
151 144
153 144
614 144
622 144
623 144
624 144
668 144
31 145
38 145
47 145
153 145
164 145
614 145
668 145
687 145
688 145
689 145
31 146
47 146
31 147
47 147
31 148
34 148
47 148
174 148
176 148
178 148
179 148
180 148
181 148
182 148
183 148
184 148
185 148
186 148
187 148
188 148
189 148
623 148
763 148
764 148
765 148
766 148
767 148
769 148
770 148
772 148
773 148
774 148
775 148
776 148
778 148
779 148
780 148
781 148
783 148
784 148
785 148
786 148
787 148
788 148
790 148
791 148
792 148
793 148
794 148
795 148
796 148
797 148
798 148
800 148
31 149
47 149
153 149
614 149
668 149
31 150
47 150
138 150
648 150
649 150
650 150
651 150
652 150
653 150
654 150
655 150
656 150
657 150
31 151
47 151
144 151
154 151
584 151
622 151
623 151
624 151
889 151
22 152
31 152
31 153
47 153
154 153
584 153
614 153
889 153
5 154
22 154
32 155
157 155
158 155
159 155
160 155
161 155
162 155
163 155
165 155
166 155
167 155
671 155
672 155
673 155
675 155
676 155
677 155
686 155
32 156
276 156
669 156
670 156
32 157
47 157
155 157
158 157
159 157
160 157
161 157
162 157
163 157
165 157
166 157
167 157
262 157
671 157
672 157
673 157
675 157
676 157
677 157
686 157
32 158
47 158
155 158
157 158
159 158
160 158
161 158
162 158
163 158
165 158
166 158
167 158
236 158
262 158
275 158
277 158
279 158
284 158
395 158
671 158
672 158
673 158
675 158
676 158
677 158
686 158
982 158
983 158
984 158
985 158
986 158
32 159
47 159
155 159
157 159
158 159
160 159
161 159
162 159
163 159
165 159
166 159
167 159
262 159
671 159
672 159
673 159
675 159
676 159
677 159
686 159
32 160
47 160
155 160
157 160
158 160
159 160
161 160
162 160
163 160
165 160
166 160
167 160
262 160
277 160
279 160
284 160
394 160
671 160
672 160
673 160
675 160
676 160
677 160
686 160
32 161
47 161
155 161
157 161
158 161
159 161
160 161
162 161
163 161
165 161
166 161
167 161
262 161
291 161
671 161
672 161
673 161
675 161
676 161
677 161
686 161
32 162
47 162
155 162
157 162
158 162
159 162
160 162
161 162
163 162
165 162
166 162
167 162
262 162
671 162
672 162
673 162
675 162
676 162
677 162
686 162
32 163
155 163
157 163
158 163
159 163
160 163
161 163
162 163
165 163
166 163
167 163
671 163
672 163
673 163
675 163
676 163
677 163
686 163
23 164
32 164
47 164
145 164
506 164
507 164
508 164
509 164
510 164
511 164
512 164
513 164
514 164
515 164
516 164
517 164
518 164
625 164
626 164
687 164
688 164
689 164
32 165
155 165
157 165
158 165
159 165
160 165
161 165
162 165
163 165
166 165
167 165
671 165
672 165
673 165
675 165
676 165
677 165
686 165
32 166
47 166
155 166
157 166
158 166
159 166
160 166
161 166
162 166
163 166
165 166
167 166
262 166
291 166
671 166
672 166
673 166
675 166
676 166
677 166
686 166
32 167
155 167
157 167
158 167
159 167
160 167
161 167
162 167
163 167
165 167
166 167
671 167
672 167
673 167
675 167
676 167
677 167
686 167
33 168
47 168
169 168
170 168
171 168
172 168
173 168
333 168
709 168
33 169
47 169
168 169
170 169
171 169
172 169
173 169
333 169
709 169
33 170
47 170
168 170
169 170
171 170
172 170
173 170
333 170
709 170
33 171
47 171
168 171
169 171
170 171
172 171
173 171
333 171
709 171
33 172
47 172
168 172
169 172
170 172
171 172
173 172
333 172
709 172
33 173
168 173
169 173
170 173
171 173
172 173
709 173
34 174
47 174
148 174
176 174
178 174
179 174
180 174
181 174
182 174
183 174
184 174
185 174
186 174
187 174
188 174
189 174
763 174
764 174
765 174
766 174
767 174
769 174
770 174
772 174
773 174
774 174
775 174
776 174
778 174
779 174
780 174
781 174
783 174
784 174
785 174
786 174
787 174
788 174
790 174
791 174
792 174
793 174
794 174
795 174
796 174
797 174
798 174
800 174
34 175
47 175
75 175
148 175
174 175
176 175
178 175
179 175
180 175
181 175
182 175
183 175
184 175
185 175
186 175
187 175
188 175
189 175
479 175
480 175
481 175
763 175
764 175
765 175
766 175
767 175
769 175
770 175
772 175
773 175
774 175
775 175
776 175
778 175
779 175
780 175
781 175
783 175
784 175
785 175
786 175
787 175
788 175
790 175
791 175
792 175
793 175
794 175
795 175
796 175
797 175
798 175
800 175
34 176
40 176
47 176
148 176
174 176
178 176
179 176
180 176
181 176
182 176
183 176
184 176
185 176
186 176
187 176
188 176
189 176
763 176
764 176
765 176
766 176
767 176
769 176
770 176
772 176
773 176
774 176
775 176
776 176
778 176
779 176
780 176
781 176
783 176
784 176
785 176
786 176
787 176
788 176
790 176
791 176
792 176
793 176
794 176
795 176
796 176
797 176
798 176
800 176
34 177
148 177
174 177
176 177
178 177
179 177
180 177
181 177
182 177
183 177
184 177
185 177
186 177
187 177
188 177
189 177
763 177
764 177
765 177
766 177
767 177
769 177
770 177
772 177
773 177
774 177
775 177
776 177
778 177
779 177
780 177
781 177
783 177
784 177
785 177
786 177
787 177
788 177
790 177
791 177
792 177
793 177
794 177
795 177
796 177
797 177
798 177
800 177
34 178
34 179
47 179
174 179
176 179
184 179
189 179
763 179
765 179
766 179
767 179
769 179
770 179
800 179
34 180
47 180
174 180
176 180
189 180
772 180
773 180
800 180
34 181
47 181
174 181
176 181
189 181
774 181
775 181
776 181
800 181
34 182
189 182
778 182
779 182
800 182
34 183
47 183
174 183
176 183
189 183
780 183
781 183
800 183
34 184
47 184
174 184
176 184
189 184
783 184
784 184
785 184
786 184
787 184
800 184
34 185
47 185
174 185
176 185
189 185
788 185
790 185
800 185
34 186
47 186
174 186
176 186
189 186
791 186
792 186
793 186
800 186
34 187
47 187
174 187
176 187
189 187
794 187
795 187
796 187
800 187
34 188
47 188
174 188
176 188
189 188
797 188
798 188
800 188
34 189
179 189
180 189
181 189
182 189
183 189
184 189
185 189
186 189
187 189
188 189
6 190
6 191
190 191
35 192
47 192
801 192
36 193
40 193
47 193
142 193
194 193
195 193
196 193
197 193
198 193
199 193
200 193
212 193
213 193
214 193
215 193
216 193
217 193
218 193
219 193
220 193
235 193
236 193
237 193
238 193
239 193
240 193
242 193
243 193
244 193
245 193
246 193
247 193
248 193
250 193
251 193
253 193
303 193
304 193
332 193
617 193
618 193
619 193
802 193
803 193
808 193
809 193
824 193
825 193
826 193
830 193
831 193
832 193
833 193
834 193
835 193
869 193
870 193
871 193
872 193
873 193
874 193
36 194
47 194
193 194
195 194
196 194
197 194
198 194
199 194
304 194
332 194
802 194
803 194
24 195
36 195
41 195
47 195
87 195
193 195
196 195
197 195
198 195
199 195
254 195
304 195
332 195
36 196
41 196
47 196
193 196
195 196
197 196
198 196
199 196
254 196
304 196
332 196
36 197
47 197
193 197
195 197
196 197
198 197
199 197
304 197
332 197
36 198
45 198
47 198
193 198
195 198
196 198
197 198
199 198
294 198
295 198
296 198
297 198
298 198
299 198
301 198
304 198
332 198
36 199
41 199
47 199
193 199
195 199
196 199
197 199
198 199
254 199
304 199
332 199
36 200
40 200
47 200
193 200
195 200
196 200
197 200
198 200
199 200
214 200
216 200
235 200
304 200
332 200
482 200
489 200
826 200
876 200
884 200
37 201
47 201
84 201
202 201
500 201
37 202
47 202
84 202
196 202
201 202
500 202
38 203
153 203
614 203
668 203
38 204
122 204
308 204
810 204
811 204
812 204
813 204
814 204
815 204
38 205
47 205
271 205
818 205
819 205
820 205
821 205
38 206
7 207
497 207
586 207
7 208
104 208
497 208
586 208
609 208
7 209
497 209
586 209
621 209
7 210
497 210
586 210
621 210
39 211
47 211
40 212
47 212
142 212
200 212
213 212
214 212
215 212
216 212
217 212
218 212
219 212
220 212
235 212
236 212
237 212
238 212
239 212
240 212
242 212
243 212
244 212
245 212
246 212
247 212
248 212
250 212
251 212
253 212
303 212
490 212
491 212
617 212
618 212
619 212
808 212
809 212
824 212
825 212
826 212
830 212
831 212
832 212
833 212
834 212
835 212
869 212
870 212
871 212
872 212
873 212
874 212
885 212
886 212
40 213
47 213
142 213
200 213
212 213
214 213
215 213
216 213
217 213
218 213
219 213
220 213
235 213
236 213
237 213
238 213
239 213
240 213
242 213
243 213
244 213
245 213
246 213
247 213
248 213
250 213
251 213
253 213
303 213
617 213
618 213
619 213
808 213
809 213
824 213
825 213
826 213
830 213
831 213
832 213
833 213
834 213
835 213
869 213
870 213
871 213
872 213
873 213
874 213
40 214
47 214
142 214
200 214
212 214
213 214
215 214
216 214
217 214
218 214
219 214
220 214
235 214
236 214
237 214
238 214
239 214
240 214
242 214
243 214
244 214
245 214
246 214
247 214
248 214
250 214
251 214
253 214
303 214
489 214
617 214
618 214
619 214
808 214
809 214
824 214
825 214
826 214
830 214
831 214
832 214
833 214
834 214
835 214
869 214
870 214
871 214
872 214
873 214
874 214
884 214
40 215
47 215
142 215
200 215
212 215
213 215
214 215
216 215
217 215
218 215
219 215
220 215
235 215
236 215
237 215
238 215
239 215
240 215
242 215
243 215
244 215
245 215
246 215
247 215
248 215
250 215
251 215
253 215
303 215
489 215
617 215
618 215
619 215
808 215
809 215
824 215
825 215
826 215
830 215
831 215
832 215
833 215
834 215
835 215
869 215
870 215
871 215
872 215
873 215
874 215
884 215
40 216
47 216
142 216
200 216
212 216
213 216
214 216
215 216
217 216
218 216
219 216
220 216
235 216
236 216
237 216
238 216
239 216
240 216
242 216
243 216
244 216
245 216
246 216
247 216
248 216
250 216
251 216
253 216
303 216
617 216
618 216
619 216
808 216
809 216
824 216
825 216
826 216
830 216
831 216
832 216
833 216
834 216
835 216
869 216
870 216
871 216
872 216
873 216
874 216
20 217
40 217
47 217
142 217
200 217
212 217
213 217
214 217
215 217
216 217
218 217
219 217
220 217
221 217
235 217
236 217
237 217
238 217
239 217
240 217
242 217
243 217
244 217
245 217
246 217
247 217
248 217
250 217
251 217
253 217
303 217
617 217
618 217
619 217
630 217
808 217
809 217
824 217
825 217
826 217
830 217
831 217
832 217
833 217
834 217
835 217
869 217
870 217
871 217
872 217
873 217
874 217
880 217
40 218
142 218
214 218
215 218
216 218
219 218
220 218
235 218
236 218
237 218
238 218
242 218
243 218
244 218
245 218
246 218
247 218
248 218
250 218
303 218
617 218
618 218
619 218
826 218
830 218
831 218
832 218
833 218
834 218
835 218
870 218
871 218
874 218
40 219
218 219
40 220
218 220
219 220
8 221
95 221
96 221
97 221
98 221
100 221
101 221
103 221
104 221
226 221
227 221
228 221
229 221
230 221
340 221
352 221
373 221
374 221
375 221
376 221
377 221
378 221
379 221
381 221
417 221
418 221
419 221
420 221
421 221
422 221
423 221
424 221
528 221
574 221
597 221
601 221
602 221
603 221
604 221
606 221
607 221
608 221
609 221
935 221
936 221
937 221
8 222
95 222
96 222
97 222
98 222
100 222
101 222
103 222
104 222
226 222
227 222
228 222
229 222
230 222
340 222
352 222
373 222
374 222
375 222
376 222
377 222
378 222
379 222
381 222
417 222
418 222
419 222
420 222
421 222
422 222
423 222
424 222
528 222
574 222
597 222
601 222
602 222
603 222
604 222
606 222
607 222
608 222
609 222
935 222
936 222
937 222
8 223
8 224
88 224
225 224
227 224
229 224
892 224
893 224
894 224
895 224
935 224
936 224
937 224
8 225
88 225
227 225
229 225
935 225
936 225
937 225
8 226
88 226
227 226
229 226
935 226
936 226
937 226
8 227
88 227
229 227
935 227
936 227
937 227
8 228
88 228
227 228
229 228
935 228
936 228
937 228
8 229
88 229
227 229
596 229
935 229
936 229
937 229
8 230
88 230
227 230
229 230
935 230
936 230
937 230
40 231
237 231
303 231
40 232
40 233
40 234
40 235
214 235
826 235
40 236
214 236
235 236
826 236
40 237
40 238
40 239
40 240
94 240
217 240
323 240
483 240
600 240
877 240
40 241
47 241
40 242
216 242
489 242
884 242
40 243
40 244
216 244
40 245
216 245
40 246
47 246
200 246
40 247
20 248
40 248
47 248
212 248
218 248
221 248
490 248
491 248
630 248
824 248
880 248
885 248
886 248
40 249
47 249
74 249
80 249
82 249
112 249
309 249
521 249
40 250
200 250
40 251
200 251
238 251
40 252
45 252
47 252
123 252
294 252
295 252
296 252
297 252
298 252
299 252
300 252
301 252
302 252
554 252
555 252
556 252
617 252
40 253
238 253
41 254
47 254
42 255
47 255
256 255
42 256
42 257
47 257
194 257
256 257
802 257
803 257
43 258
43 259
43 260
44 261
947 261
948 261
949 261
950 261
951 261
44 262
47 262
305 262
306 262
952 262
953 262
954 262
955 262
956 262
957 262
44 263
47 263
44 264
47 264
261 264
945 264
946 264
947 264
948 264
949 264
950 264
951 264
44 265
47 265
958 265
959 265
44 266
47 266
960 266
44 267
47 267
262 267
961 267
962 267
964 267
965 267
966 267
967 267
44 268
47 268
613 268
968 268
969 268
44 269
47 269
44 270
47 270
269 270
971 270
44 271
44 272
47 272
622 272
972 272
973 272
974 272
975 272
976 272
977 272
978 272
979 272
44 273
47 273
980 273
44 274
44 275
47 275
622 275
982 275
983 275
984 275
985 275
986 275
44 276
47 276
156 276
669 276
670 276
44 277
47 277
622 277
987 277
988 277
44 278
47 278
279 278
44 279
47 279
989 279
44 280
47 280
991 280
992 280
994 280
44 281
47 281
997 281
44 282
47 282
998 282
999 282
1000 282
44 283
47 283
44 284
47 284
622 284
44 285
47 285
979 285
44 286
47 286
44 287
47 287
44 288
47 288
622 288
44 289
47 289
44 290
47 290
622 290
44 291
47 291
44 292
47 292
44 293
47 293
45 294
295 294
296 294
297 294
298 294
299 294
301 294
45 295
294 295
296 295
297 295
298 295
299 295
301 295
45 296
294 296
295 296
297 296
298 296
299 296
301 296
45 297
47 297
294 297
295 297
296 297
298 297
299 297
301 297
45 298
47 298
294 298
295 298
296 298
297 298
299 298
301 298
45 299
294 299
295 299
296 299
297 299
298 299
301 299
45 300
47 300
123 300
252 300
294 300
295 300
296 300
297 300
298 300
299 300
301 300
302 300
554 300
555 300
556 300
45 301
294 301
295 301
296 301
297 301
298 301
299 301
45 302
47 302
123 302
252 302
294 302
295 302
296 302
297 302
298 302
299 302
300 302
301 302
554 302
555 302
556 302
47 303
200 303
212 303
213 303
217 303
218 303
239 303
240 303
251 303
253 303
808 303
809 303
824 303
825 303
869 303
872 303
873 303
47 304
47 305
262 305
306 305
952 305
953 305
954 305
955 305
956 305
957 305
47 306
262 306
305 306
498 306
587 306
890 306
952 306
953 306
954 306
955 306
956 306
957 306
47 307
262 307
305 307
306 307
952 307
953 307
954 307
955 307
956 307
957 307
47 308
817 308
47 309
74 309
80 309
82 309
112 309
249 309
521 309
47 310
81 310
311 310
313 310
314 310
315 310
316 310
317 310
318 310
319 310
47 311
81 311
310 311
313 311
314 311
315 311
316 311
317 311
318 311
319 311
47 312
81 312
310 312
311 312
313 312
314 312
315 312
316 312
317 312
318 312
319 312
47 313
81 313
310 313
311 313
314 313
315 313
316 313
317 313
318 313
319 313
47 314
81 314
310 314
311 314
313 314
315 314
316 314
317 314
318 314
319 314
47 315
81 315
310 315
311 315
313 315
314 315
316 315
317 315
318 315
319 315
47 316
81 316
310 316
311 316
313 316
314 316
315 316
317 316
318 316
319 316
47 317
81 317
310 317
311 317
313 317
314 317
315 317
316 317
318 317
319 317
47 318
81 318
310 318
311 318
313 318
314 318
315 318
316 318
317 318
319 318
47 319
81 319
310 319
311 319
313 319
314 319
315 319
316 319
317 319
318 319
47 320
81 320
112 320
310 320
311 320
313 320
314 320
315 320
316 320
317 320
318 320
319 320
321 320
322 320
323 320
521 320
47 321
320 321
322 321
323 321
47 322
320 322
321 322
323 322
47 323
320 323
321 323
322 323
47 324
154 324
584 324
889 324
47 325
138 325
47 326
138 326
47 327
138 327
47 328
138 328
47 329
138 329
47 330
138 330
47 331
115 331
529 331
530 331
47 332
138 332
195 332
47 333
48 334
48 335
48 336
49 337
49 338
50 339
8 340
88 340
227 340
229 340
935 340
936 340
937 340
8 341
11 341
88 341
227 341
229 341
351 341
374 341
375 341
377 341
527 341
572 341
935 341
936 341
937 341
8 342
8 343
9 344
85 344
531 344
991 344
9 345
9 346
531 346
9 347
531 347
9 348
22 348
531 348
9 349
531 349
9 350
9 351
531 351
9 352
9 353
9 354
9 355
52 356
357 356
52 357
10 358
10 359
361 359
10 360
10 361
53 362
409 362
411 362
53 363
53 364
53 365
427 365
53 366
53 367
53 368
11 369
372 369
374 369
375 369
377 369
11 370
380 370
11 371
380 371
596 371
11 372
374 372
375 372
377 372
11 373
374 373
375 373
377 373
11 374
375 374
377 374
11 375
374 375
377 375
11 376
374 376
375 376
377 376
11 377
374 377
375 377
380 377
11 378
374 378
375 378
377 378
11 379
374 379
375 379
377 379
11 380
11 381
54 382
54 383
54 384
63 384
54 385
63 385
54 386
63 386
54 387
55 387
68 387
71 387
388 387
469 387
55 388
55 389
62 389
388 389
549 389
12 390
350 390
571 390
12 391
350 391
396 391
397 391
398 391
399 391
400 391
401 391
402 391
403 391
404 391
405 391
406 391
571 391
12 392
350 392
12 393
350 393
12 394
350 394
12 395
350 395
12 396
350 396
571 396
12 397
350 397
12 398
350 398
12 399
350 399
398 399
12 400
350 400
12 401
12 402
350 402
12 403
350 403
12 404
350 404
571 404
12 405
350 405
12 406
350 406
571 406
12 407
12 408
59 409
59 410
59 411
59 412
59 413
59 414
60 415
60 416
68 416
13 417
13 418
13 419
13 420
13 421
13 422
13 423
13 424
63 425
64 425
65 425
66 425
69 425
72 425
365 425
383 425
387 425
388 425
412 425
427 425
433 425
434 425
446 425
447 425
470 425
471 425
472 425
473 425
63 426
64 426
65 426
66 426
69 426
72 426
383 426
387 426
388 426
412 426
425 426
427 426
433 426
434 426
446 426
447 426
470 426
471 426
472 426
473 426
551 426
613 426
63 427
64 427
65 427
66 427
69 427
72 427
365 427
383 427
412 427
425 427
433 427
434 427
446 427
447 427
470 427
471 427
472 427
473 427
63 428
71 428
14 429
14 430
102 430
174 430
269 430
278 430
285 430
286 430
287 430
294 430
669 430
818 430
945 430
953 430
954 430
958 430
960 430
961 430
968 430
971 430
972 430
980 430
982 430
987 430
989 430
994 430
997 430
998 430
66 431
15 432
573 432
68 433
434 433
68 434
433 434
68 435
68 436
68 437
68 438
68 439
68 440
17 441
17 442
441 442
17 443
441 443
17 444
441 444
69 445
69 446
69 447
70 448
71 448
411 448
450 448
451 448
452 448
469 448
70 449
411 449
450 449
451 449
452 449
453 449
454 449
455 449
70 450
411 450
449 450
451 450
452 450
455 450
70 451
411 451
449 451
450 451
452 451
455 451
70 452
449 452
70 453
70 454
70 455
70 456
18 457
458 457
459 457
460 457
461 457
462 457
463 457
464 457
465 457
466 457
18 458
457 458
459 458
460 458
461 458
462 458
463 458
464 458
465 458
466 458
18 459
457 459
458 459
460 459
461 459
462 459
463 459
464 459
465 459
466 459
18 460
457 460
458 460
459 460
461 460
462 460
463 460
464 460
466 460
18 461
457 461
458 461
459 461
460 461
462 461
463 461
464 461
465 461
466 461
18 462
457 462
458 462
459 462
460 462
461 462
463 462
464 462
465 462
466 462
18 463
457 463
458 463
459 463
460 463
461 463
462 463
464 463
465 463
466 463
18 464
457 464
458 464
459 464
460 464
461 464
462 464
463 464
465 464
466 464
18 465
457 465
458 465
459 465
460 465
461 465
462 465
463 465
464 465
466 465
18 466
457 466
458 466
459 466
460 466
461 466
462 466
463 466
464 466
465 466
18 467
457 467
458 467
459 467
460 467
461 467
462 467
463 467
464 467
465 467
466 467
18 468
457 468
458 468
459 468
460 468
461 468
462 468
463 468
464 468
465 468
466 468
71 469
387 469
388 469
72 470
471 470
472 470
473 470
72 471
470 471
472 471
473 471
72 472
470 472
471 472
473 472
72 473
472 473
19 474
19 475
19 476
19 477
19 478
75 479
175 479
480 479
481 479
75 480
175 480
218 480
479 480
481 480
75 481
175 481
479 481
480 481
20 482
20 483
492 483
20 484
492 484
20 485
484 485
20 486
20 487
20 488
20 489
20 490
20 491
20 492
483 492
20 493
22 494
22 495
22 496
498 496
587 496
890 496
22 497
22 498
623 498
22 499
86 499
222 499
84 500
106 501
502 501
106 502
501 502
111 503
111 504
111 505
201 505
309 505
23 506
507 506
508 506
509 506
510 506
511 506
512 506
513 506
514 506
515 506
516 506
517 506
518 506
23 507
506 507
508 507
509 507
510 507
511 507
512 507
513 507
514 507
515 507
516 507
517 507
518 507
23 508
506 508
507 508
509 508
510 508
511 508
512 508
513 508
514 508
515 508
516 508
517 508
518 508
23 509
506 509
507 509
508 509
510 509
511 509
512 509
513 509
514 509
515 509
516 509
517 509
518 509
23 510
506 510
507 510
508 510
509 510
511 510
512 510
513 510
514 510
515 510
516 510
517 510
518 510
23 511
506 511
507 511
508 511
509 511
510 511
512 511
513 511
514 511
515 511
516 511
517 511
518 511
23 512
506 512
507 512
508 512
509 512
510 512
511 512
513 512
514 512
515 512
516 512
517 512
518 512
23 513
506 513
507 513
508 513
509 513
510 513
511 513
512 513
514 513
515 513
516 513
517 513
518 513
23 514
506 514
507 514
508 514
509 514
510 514
511 514
512 514
513 514
515 514
516 514
517 514
518 514
23 515
506 515
507 515
508 515
509 515
510 515
511 515
512 515
513 515
514 515
516 515
517 515
518 515
23 516
506 516
507 516
508 516
509 516
510 516
511 516
512 516
513 516
514 516
515 516
517 516
518 516
23 517
506 517
507 517
508 517
509 517
510 517
511 517
512 517
513 517
514 517
515 517
516 517
518 517
23 518
506 518
507 518
508 518
509 518
510 518
511 518
512 518
513 518
514 518
515 518
516 518
517 518
111 519
503 519
520 519
111 520
503 520
519 520
112 521
112 522
521 522
112 523
119 523
521 523
112 524
521 524
112 525
521 525
113 526
280 526
992 526
993 526
994 526
115 527
331 527
341 527
529 527
530 527
115 528
227 528
229 528
331 528
529 528
530 528
935 528
936 528
937 528
115 529
331 529
530 529
115 530
331 530
529 530
24 531
24 532
87 532
498 532
587 532
890 532
24 533
24 534
24 535
25 536
537 536
538 536
539 536
540 536
541 536
542 536
543 536
544 536
545 536
546 536
25 537
536 537
538 537
539 537
540 537
541 537
542 537
543 537
544 537
545 537
546 537
25 538
536 538
537 538
539 538
540 538
541 538
542 538
543 538
544 538
545 538
546 538
25 539
536 539
537 539
538 539
540 539
541 539
542 539
543 539
544 539
545 539
546 539
25 540
536 540
537 540
538 540
539 540
541 540
542 540
543 540
544 540
545 540
546 540
25 541
536 541
537 541
538 541
539 541
540 541
542 541
543 541
544 541
545 541
546 541
25 542
536 542
537 542
538 542
539 542
540 542
541 542
543 542
544 542
545 542
546 542
25 543
536 543
537 543
538 543
539 543
540 543
541 543
542 543
544 543
545 543
546 543
25 544
536 544
537 544
538 544
539 544
540 544
541 544
542 544
543 544
545 544
546 544
25 545
536 545
537 545
538 545
539 545
540 545
541 545
542 545
543 545
544 545
546 545
25 546
536 546
537 546
538 546
539 546
540 546
541 546
542 546
543 546
544 546
545 546
118 547
130 547
334 547
563 547
118 548
62 549
119 550
119 551
550 551
119 552
119 553
555 553
123 554
252 554
300 554
302 554
555 554
556 554
123 555
252 555
300 555
302 555
554 555
556 555
123 556
252 556
300 556
302 556
554 556
555 556
77 557
124 558
559 558
560 558
124 559
558 559
560 559
124 560
558 560
559 560
125 561
562 561
563 561
564 561
125 562
561 562
563 562
564 562
125 563
561 563
562 563
564 563
125 564
561 564
562 564
563 564
125 565
561 565
562 565
563 565
564 565
85 566
85 567
85 568
85 569
86 569
222 569
85 570
85 571
85 572
85 573
85 574
85 575
85 576
85 577
85 578
572 578
126 579
127 579
128 579
580 579
126 580
127 580
128 580
579 580
126 581
127 581
128 581
579 581
580 581
86 582
222 582
86 583
222 583
86 584
86 585
222 585
86 586
222 586
86 587
86 588
87 589
87 590
87 591
87 592
132 593
88 594
596 594
937 594
88 595
88 596
88 597
133 598
134 598
599 598
133 599
89 600
89 601
89 602
89 603
89 604
89 605
89 606
89 607
89 608
89 609
89 610
90 611
90 612
611 612
137 613
138 614
144 614
145 614
149 614
151 614
153 614
203 614
622 614
623 614
624 614
625 614
626 614
668 614
138 615
138 616
596 616
142 617
142 618
142 619
92 620
92 621
144 622
151 622
623 622
624 622
144 623
151 623
622 623
624 623
144 624
151 624
622 624
623 624
145 625
626 625
145 626
625 626
93 627
94 628
94 629
94 630
631 630
94 631
630 631
95 632
95 633
95 634
95 635
95 636
95 637
96 638
96 639
96 640
96 641
96 642
96 643
96 644
96 645
96 646
96 647
150 648
649 648
650 648
651 648
652 648
653 648
654 648
655 648
656 648
657 648
150 649
648 649
650 649
651 649
652 649
653 649
654 649
655 649
656 649
657 649
150 650
648 650
649 650
651 650
652 650
653 650
654 650
655 650
656 650
657 650
150 651
648 651
649 651
650 651
652 651
653 651
654 651
655 651
656 651
657 651
150 652
648 652
649 652
650 652
651 652
653 652
654 652
655 652
656 652
657 652
150 653
648 653
649 653
650 653
651 653
652 653
654 653
655 653
656 653
657 653
150 654
648 654
649 654
650 654
651 654
652 654
653 654
655 654
656 654
657 654
150 655
648 655
649 655
650 655
651 655
652 655
653 655
654 655
656 655
657 655
150 656
648 656
649 656
650 656
651 656
652 656
653 656
654 656
655 656
657 656
150 657
648 657
649 657
650 657
651 657
652 657
653 657
654 657
655 657
656 657
97 658
97 659
97 660
97 661
97 662
97 663
97 664
97 665
103 665
97 666
103 666
151 667
623 667
153 668
156 669
276 669
670 669
156 670
276 670
669 670
158 671
672 671
673 671
158 672
671 672
673 672
158 673
395 673
671 673
672 673
158 674
391 674
671 674
672 674
673 674
160 675
676 675
677 675
160 676
675 676
677 676
160 677
394 677
675 677
676 677
160 678
391 678
675 678
676 678
677 678
98 679
98 680
98 681
98 682
98 683
98 684
98 685
161 686
164 687
688 687
689 687
164 688
687 688
689 688
164 689
687 689
688 689
99 690
99 691
99 692
99 693
99 694
99 695
99 696
99 697
99 698
99 699
99 700
99 701
99 702
99 703
99 704
99 705
99 706
100 707
101 708
171 709
102 710
102 711
102 712
102 713
102 714
102 715
102 716
102 717
102 718
102 719
102 720
102 721
102 722
102 723
102 724
102 725
102 726
102 727
102 728
102 729
102 730
102 731
102 732
102 733
102 734
102 735
102 736
102 737
102 738
102 739
102 740
102 741
102 742
102 743
102 744
102 745
102 746
102 747
102 748
102 749
102 750
102 751
102 752
102 753
102 754
175 755
175 756
175 757
175 758
175 759
175 760
175 761
175 762
179 763
764 763
765 763
769 763
770 763
179 764
763 764
765 764
769 764
770 764
179 765
763 765
764 765
769 765
770 765
179 766
763 766
764 766
765 766
769 766
770 766
179 767
763 767
764 767
765 767
769 767
770 767
179 768
179 769
763 769
764 769
765 769
770 769
179 770
763 770
764 770
765 770
769 770
104 771
180 772
180 773
181 774
181 775
774 775
181 776
774 776
181 777
182 778
182 779
183 780
183 781
105 782
184 783
184 784
785 784
786 784
787 784
184 785
784 785
786 785
787 785
184 786
784 786
785 786
787 786
184 787
784 787
785 787
786 787
185 788
185 789
185 790
186 791
186 792
186 793
187 794
796 794
187 795
796 795
187 796
188 797
188 798
188 799
189 800
192 801
194 802
803 802
194 803
802 803
200 804
200 805
200 806
200 807
200 808
238 808
200 809
238 809
204 810
811 810
812 810
813 810
814 810
815 810
817 810
204 811
810 811
812 811
813 811
814 811
815 811
817 811
204 812
810 812
811 812
813 812
814 812
815 812
817 812
204 813
810 813
811 813
812 813
814 813
815 813
817 813
204 814
810 814
811 814
812 814
813 814
815 814
817 814
204 815
810 815
811 815
812 815
813 815
814 815
817 815
204 816
810 816
811 816
812 816
813 816
814 816
815 816
817 816
204 817
810 817
811 817
812 817
813 817
814 817
815 817
205 818
819 818
820 818
821 818
205 819
818 819
820 819
821 819
205 820
818 820
819 820
821 820
205 821
818 821
819 821
820 821
205 822
818 822
819 822
820 822
821 822
823 822
205 823
818 823
819 823
820 823
821 823
822 823
212 824
213 825
214 826
215 826
235 826
489 826
884 826
215 827
216 827
154 828
154 829
218 830
219 831
832 831
833 831
834 831
835 831
219 832
831 832
833 832
834 832
835 832
219 833
831 833
832 833
834 833
835 833
219 834
831 834
832 834
833 834
835 834
219 835
831 835
832 835
833 835
834 835
190 836
231 837
839 837
869 837
231 838
837 838
844 838
846 838
231 839
837 839
842 839
844 839
846 839
231 840
837 840
842 840
844 840
846 840
231 841
837 841
844 841
846 841
231 842
837 842
843 842
231 843
837 843
231 844
837 844
231 845
837 845
231 846
837 846
231 847
837 847
231 848
837 848
231 849
837 849
231 850
837 850
231 851
837 851
231 852
837 852
231 853
837 853
231 854
837 854
231 855
837 855
231 856
837 856
231 857
837 857
231 858
837 858
231 859
837 859
231 860
837 860
231 861
837 861
231 862
837 862
231 863
837 863
231 864
837 864
231 865
837 865
231 866
837 866
231 867
837 867
231 868
837 868
237 869
303 869
238 870
238 871
239 872
240 873
242 874
208 875
221 876
880 876
221 877
880 877
887 877
221 878
880 878
887 878
221 879
878 879
880 879
221 880
600 880
877 880
878 880
879 880
882 880
883 880
884 880
885 880
886 880
887 880
888 880
221 881
880 881
221 882
880 882
221 883
880 883
221 884
880 884
221 885
880 885
221 886
880 886
221 887
600 887
877 887
880 887
221 888
880 888
222 889
222 890
222 891
224 892
224 893
895 893
224 894
224 895
225 896
225 897
225 898
225 899
226 900
226 901
226 902
226 903
226 904
226 905
226 906
226 907
226 908
226 909
226 910
226 911
226 912
226 913
226 914
226 915
226 916
226 917
226 918
528 918
226 919
226 920
528 920
226 921
226 922
226 923
226 924
226 925
226 926
226 927
226 928
226 929
226 930
226 931
228 931
226 932
226 933
226 934
227 935
936 935
227 936
935 936
937 936
227 937
935 937
936 937
227 938
229 938
572 938
935 938
936 938
228 939
228 940
228 941
228 942
259 943
259 944
261 945
264 945
946 945
947 945
948 945
949 945
950 945
951 945
261 946
264 946
945 946
947 946
948 946
949 946
950 946
951 946
261 947
948 947
949 947
950 947
951 947
261 948
947 948
949 948
950 948
951 948
261 949
947 949
948 949
951 949
261 950
947 950
948 950
949 950
951 950
261 951
947 951
948 951
949 951
950 951
262 952
305 952
953 952
954 952
955 952
956 952
957 952
262 953
305 953
306 953
952 953
954 953
955 953
956 953
957 953
262 954
305 954
306 954
952 954
953 954
955 954
956 954
957 954
262 955
305 955
306 955
952 955
953 955
954 955
956 955
957 955
262 956
305 956
306 956
952 956
953 956
954 956
955 956
957 956
262 957
305 957
306 957
952 957
953 957
954 957
955 957
956 957
265 958
959 958
265 959
958 959
266 960
267 961
962 961
964 961
965 961
966 961
967 961
267 962
961 962
964 962
965 962
966 962
967 962
267 963
961 963
962 963
964 963
965 963
966 963
967 963
267 964
961 964
962 964
965 964
966 964
967 964
267 965
961 965
962 965
964 965
966 965
967 965
267 966
961 966
962 966
964 966
965 966
967 966
267 967
961 967
962 967
964 967
965 967
966 967
268 968
613 968
969 968
268 969
613 969
968 969
241 970
270 971
272 972
973 972
974 972
975 972
976 972
977 972
978 972
979 972
272 973
972 973
974 973
975 973
976 973
977 973
978 973
979 973
272 974
972 974
973 974
975 974
976 974
977 974
978 974
979 974
272 975
972 975
973 975
974 975
976 975
977 975
978 975
979 975
272 976
972 976
973 976
974 976
975 976
977 976
978 976
979 976
272 977
972 977
973 977
974 977
975 977
976 977
978 977
979 977
272 978
972 978
973 978
974 978
975 978
976 978
977 978
979 978
272 979
285 979
972 979
973 979
974 979
975 979
976 979
977 979
978 979
273 980
274 981
307 981
275 982
983 982
984 982
985 982
986 982
275 983
982 983
984 983
985 983
986 983
275 984
982 984
983 984
985 984
986 984
275 985
498 985
587 985
890 985
982 985
983 985
984 985
986 985
275 986
982 986
983 986
984 986
985 986
277 987
988 987
277 988
987 988
279 989
280 990
280 991
280 992
280 993
280 994
281 995
281 996
281 997
282 998
999 998
1000 998
282 999
998 999
1000 999
282 1000
998 1000
999 1000
